1  -1.1159365590429688
2  -1.8466324834179686
3  -1.1507037305078125
4  -1.858321658125
5  -1.8558100243750002
6  -1.8224204806640625
7  -1.8367290459179688
8  -1.8228329831249999
9  -2.441251834335937
10  -1.6428480875585938
11  -2.209866243027344
12  -2.2997403355859376
13  -2.3940332524218753
14  -2.477071100878906
15  -2.4062297092968747
16  -2.4558260131640623
17  -2.4016788568554692
18  -2.4533713053125
19  -2.1533436522656246
20  -2.485804536445313
21  -2.404358669941406
22  -2.431689940410156
23  -2.4323908058398436
24  -2.1403004220507813
25  -2.383447614238281
26  -2.385292076796875
27  -2.4294402605273437
28  -2.438587977851563
29  -2.438471917773437
30  -2.446770617207031
31  -2.470340286582031
32  -2.4607742287890626
33  -2.4146215056250004
34  -2.4840132112890627
35  -2.4505354349023434
36  -2.47432902515625
37  -2.4720957308593747
38  -2.438587977851563
39  -2.4607742287890626
40  -2.46880796890625
41  -2.4490099834570316
42  -2.439986662617187
43  -2.4384099469921874
44  -2.4455326866210934
45  -2.50665384234375
46  -2.441088133769531
47  -2.4501546624218746
48  -2.4755970565234375
49  -2.4429561558593753
50  -2.478298893867187
51  -2.437343926328125
52  -2.458073142519531
53  -2.4367530101171875
54  -2.492161275390625
55  -2.4554466517968754
