0.1 2.7880056452145983 4.025533636467191 1.421973922935937
0.25 -5.162866963103719 -4.17226245817875 1.26268667870625
0.4 -6.615815459201978 -5.737152010697655 1.1647177311117185
0.55 -7.177488958702345 -6.264385992242118 1.0980968571257814
0.7 -7.486151969595353 -6.432282683794304 1.0440222019570307
0.85 -7.665127174980977 -6.555811908645175 1.0108195418976564
1.0 -7.767564200292399 -6.5983647098376474 0.9823075611117177
1.15 -7.823931632765607 -6.761031584627858 0.9769792648781256
1.3 -7.852202267316802 -6.717358077685264 0.9526243508077702
1.5 -7.862856813847022 -6.779993388141693 0.9449811348054169
1.65 -7.860227187385152 -6.714734332817015 0.9212249659569508
1.8 -7.850498730435111 -6.781177424828613  0.9195767331634336
1.95 -7.836787169099004 -6.80569234342911 0.9143773355351854